12255
34808
24730
14703
47718
15146
12137
23877
12447
12446
24733
23749
23174
26601
36901
17528
32465
35987
40091
10305
26028
44051
33978
45530
44879
38019
32022
35772
48845
21685
26726
48686
30593
34951
32130
35686
40776
40684
45663
29970
47148
46452
41769
25677
25379
48434
10444
25258
48662
25627
35373
15927
28317
10929
33642
41344
34473
29882
43925
45602
41796
37729
81985
12865
27545
30512
26003
20201
34947
34687
32597
32686
12214
10710
38072
43431
20863
23575
19883
15983
34822
26988
27308
31561
24345
17815
27500
32715
47069
46163
25073
34600
26207
22876
41395
14598
40206
25098
25099
39952
34239
34511
12579
34074
34849
31995
23285
36470
39687
44396
30035
29999
46758
15433
47257
38394
44759
24370
10072
13795
23677
36902
36903
40336
13486
27924
29499
31488
28595
31805
17912
46491
32444
40162
28359
13746
17190
32360
43660
41421
31719
28086
16404
17542
41363
43701
33715
39273
39272
14995
44663
11291
36256
14529
45149
42526
11369
27663
35641
44535
48900
31407
30452
34946
22258
32619
30653
35780
21296
31901
38030
29077
48385
26031
13272
43387
30517
41785
35860
17719
16164
33445
25023
34647
47677
44312
26358
14436
30619
21762
16360
30120
27736
12044
44655
45062
11364
23733
40900
42581
12836
37782
28384
21918
38863
37886
21368
25811
14937
36922
40951
14098
29826
47603
37105
40678
23935
21654
34818
37952
40851
40845
25290
38187
46723
22248
43260
25593
44662
30021
30710
40195
17714
27815
29580
48660
17500
41714
28598
20147
40258
43888
41331
40771
22580
23138
45142
36042
36057
35997
36027
21492
39477
41152
45519
14955
32098
45635
25867
35061
11069
31582
11372
32587
31121
35776
21086
25805
38974
46382
37692
25063
37507
10982
17547
12181
44959
13458
43623
27392
33947
45556
44506
38587
43356
34180
23060
40316
25875
24334
39541
22398
43606
34132
17670
43122
36914
23318
28015
20638
25525
22881
45048
33649
20062
32000
22136
39491
24652
23654
39968
12484
15210
34772
35652
37721
38796
40800
35626
42365
25044
46728
34586
44405
20599
45479
26609
14317
10977
14550
27870
12797
36857
42684
32400
45476
43654
16876
26914
35382
33347
34019
43312
31442
48584
12921
43659
44604
41366
39279
40317
40698
16866
15128
40330
12116
14908
41255
42318
42317
38301
42963
15273
29413
41441
25944
23403
31394
48827
38191
11431
14388
27724
43655
27630
13301
44319
40369
35838
16810
32617
10477
23091
23551
29122
20260
39597
36258
36967
43323
44598
36694
29622
37936
40118
20547
44282
46970
25208
34960
32473
43407
29130
41410
34962
29454
26552
38439
15241
43875
36775
38657
34304
43362
15243
39080
32119
40208
35587
47242
26319
32621
30491
33573
40290
11230
44293
13671
38878
22925
38546
34100
46664
20895
36835
43768
32106
20781
39889
22812
34957
34956
23441
21210
21209
25488
42943
36090
10042
23098
27636
21446
24319
26374
45669
17503
25722
43778
29148
40149
37913
32092
48545
36402
21723
34984
30562
33451
11997
36217
31427
32294
44415
41034
23251
38273
26960
40146
17842
41396
39042
36417
30369
32127
33197
38765
38250
45450
31506
32038
11897
34315
35935
27296
16697
43820
11497
36451
20197
35854
40568
39402
26877
36098
36592
46912
22515
39303
25375
33920
36888
35586
24826
21483
42836
17784
43358
43246
20788
31490
16675
32630
34663
37704
47803
25286
21462
25499
42433
42434
16462
44636
33610
33261
14618
37959
43091
29222
44498
43209
26352
39492
31475
40427
42211
21853
35843
21409
31700
40697
44095
23422
19945
25585
21254
42837
42757
16727
43031
13035
12275
20904
20484
16924
25509
15987
40655
31376
38444
40283
43139
36390
34536
36291
24051
26744
40557
44410
26520
38126
41403
35835
30613
40910
35029
22554
33326
41196
16213
44541
29361
21347
21121
16048
38831
30380
34598
23774
37366
27013
37317
37318
35873
35880
36813
47642
12216
45619
21842
23927
29262
44657
41739
21815
24975
20658
30611
38688
17529
41311
42787
44887
40555
23264
34934
35837
44483
47002
24878
24879
41356
32620
11207
36681
32011
25566
34255
13845
37382
30537
40754
41370
41348
41390
42167
43361
23944
38973
45083
32577
39300
43980
43000
34983
17460
29980
28061
31361
24407
26289
25542
41215
38986
39368
21485
38960
40067
46222
35848
34487
25693
33513
33512
44341
42245
40511
30463
26947
22843
27789
23930
34071
21384
31420
42362
17201
39510
15476
32680
41444
34769
37840
14655
42698
38012
38142
40189
35548
41728
31355
35249
25696
21942
41351
25546
27957
41312
14382
10425
41399
21071
38678
24744
41802
41803
27238
34881
36881
