12074
29113
21891
24733
27796
30464
32465
35987
34253
43266
26028
44051
44879
38019
43384
34951
29153
32130
11724
40684
10741
29970
35526
25258
14679
21414
41344
35751
34473
29882
39497
16116
21337
37729
27545
34958
32597
32686
27034
12214
36187
44468
20275
60931
23575
43528
34822
17814
17815
28175
32715
34600
41346
34239
34510
15956
34074
20801
39687
30037
22716
15433
38394
36164
40185
23677
11625
26793
26259
31488
26452
28595
17912
40162
13746
38281
31719
39763
17542
41363
43701
41656
33968
29086
24896
27663
40135
34946
19806
27881
30504
44245
26007
40788
30517
35860
33445
26867
30619
16360
37271
34801
22154
37782
28384
40034
25811
22599
40951
29826
20935
34818
37952
40851
40845
25410
24765
26045
40717
37938
43888
41331
30280
31303
24724
36042
26426
36057
35997
36027
44613
36877
45642
45519
43679
35061
31582
37507
15986
42870
43623
40316
24334
39541
39540
23949
37330
37255
17670
31330
25525
45048
32000
23654
34772
35626
26525
23938
27123
36857
27472
45476
26914
43312
39279
44634
40317
40698
14706
31795
25940
24955
25944
28513
31394
38191
39153
14388
21285
27723
27724
34326
43655
40369
35838
26064
33438
32617
43065
42614
34814
36258
44598
36694
29622
40118
26198
25092
21543
34960
31938
29130
23173
34979
26552
26721
36847
44619
38439
16139
13688
16643
27207
33573
38637
40290
32106
39889
34294
25592
23441
27636
24319
37772
24490
26304
29148
40149
37913
41411
21723
34984
44016
30562
33451
36217
15281
32294
40146
30369
40949
35011
23430
23020
26877
36098
36592
22515
32031
16255
35919
35918
36888
35586
23971
37697
16675
37740
32630
34663
25127
21462
42433
42434
32047
37959
43091
43209
39492
31475
36531
21409
40697
44095
23422
19945
25585
21254
42837
42757
34276
16924
25509
23114
34536
26744
40910
23932
43129
36800
44541
29361
36003
21347
29300
26560
30380
34598
27013
44128
37317
35873
34925
45441
20129
23940
38235
23927
30611
23879
40555
12311
35837
24878
41356
43451
32011
41313
25133
41279
39141
23236
45110
35769
39300
40720
32634
34983
43677
29980
22454
16016
41215
40349
23471
34043
40868
31996
33512
17647
30463
22843
23930
17201
25474
24901
32680
41444
34769
42698
40189
20510
35548
31355
21942
17753
29623
41399
27238
34881
