46611
48908
12447
12967
44466
35462
34951
41769
11408
28317
12169
42388
15983
34822
26988
31561
17815
28175
41395
51218
31995
29999
13795
23677
43960
29499
17912
45524
16404
36256
31407
44245
26031
49540
48914
33445
14436
44655
23733
51620
51618
28384
21918
25593
43888
39477
14955
32587
21086
46382
37692
17547
44506
34180
23060
40316
25875
12328
43122
52560
34586
12797
34026
46176
12926
39279
41255
38301
51576
44319
20260
25208
13379
38439
58942
40208
26319
33573
38878
22925
39889
22812
34294
36090
21446
52561
48665
48303
27296
16697
47676
36451
56962
39303
51191
12669
45643
16675
34663
11367
42338
41634
26352
12275
38444
40283
50901
24838
22554
35500
16213
23774
37318
26246
54193
54123
50386
48801
39300
40720
52839
50925
24407
26289
38986
40067
26677
42362
42799
15476
41444
38142
35548
41728
27957
10425
36881
