25418
12967
40238
12169
12865
42388
38072
15983
34822
31561
28175
53139
46510
12579
29999
13795
23677
45874
53734
29499
17912
32444
41421
45524
16404
39272
11291
36256
27663
48914
33445
14436
44655
28384
21918
21654
48891
25593
30021
25963
22580
14955
21086
25063
17547
42917
34180
23060
25875
12328
43122
20638
52560
22881
34586
12797
34026
12926
38301
51576
55258
20260
44606
25208
13379
38439
20895
12919
34294
23441
36090
21446
52561
36417
32038
16697
47676
36451
26877
22515
39303
12669
16675
34663
42338
14618
35127
49192
42211
23128
12275
16924
24051
22554
16213
36003
26246
54193
50386
55469
12311
37664
40720
52839
50925
38986
42799
42698
37253
41728
10425
