47079
43631
24730
46611
52828
15146
12137
51809
24733
23749
23174
26099
51667
36901
38551
42485
30464
32465
35987
40091
21322
48542
26028
33978
44879
38019
32022
48686
51942
30593
42578
43384
35462
34951
43420
32130
46196
44382
52315
40684
45316
47148
41769
43215
52009
25379
17031
48434
25258
48662
25627
35373
28317
21414
34473
29882
43925
47789
47223
43668
21337
43676
81985
40346
27545
30512
42388
34687
36187
43431
44468
20863
52842
43528
19883
15983
52739
34822
26988
27308
31561
45190
24345
17815
28175
43610
48515
47069
34600
50535
41395
41346
25098
25099
36886
39952
27791
34239
34511
12579
20801
37822
45618
24863
29999
46758
15433
47257
38394
44759
40185
46496
13795
23677
27924
29499
26452
41649
17912
33470
40162
28359
17190
42405
43660
30310
41421
52363
45524
11715
41363
43701
43205
50767
14995
36256
28138
14529
33968
45149
27663
35641
40135
44535
31407
34946
32619
46709
45002
31901
36879
38030
29077
48577
48385
46839
47029
40788
26031
39347
43387
30517
49540
33445
25023
26358
14436
21762
16360
30120
27736
48647
44655
23733
41815
39427
42581
28384
38863
25811
47102
29826
47603
45308
37105
40678
21654
48891
34818
37952
40851
40845
25290
25410
38187
35721
43260
24765
30021
33962
40195
17714
20147
43888
41331
40771
30280
23138
36042
21492
26953
36877
39477
43244
52705
46948
41305
32098
45635
25867
35061
32587
48679
21086
25805
38974
46382
37692
25063
17547
12181
43285
43623
49903
42917
49982
48769
44506
30630
34180
23060
14589
39541
39540
22398
37330
26236
17670
34064
28015
20638
25525
22881
34774
45048
32000
22136
39491
24652
39968
37721
42365
20284
25044
17002
41847
45479
46524
50612
26609
14317
14550
42168
34026
42684
48560
16876
38581
46760
17571
43659
48805
44351
41366
45207
42586
41005
40698
16866
40330
12116
31795
51823
39108
42319
42318
42317
38301
41006
42501
41441
25944
23403
28513
42324
48827
44982
27723
27724
43655
44319
27217
16810
32617
23091
36246
29122
50787
20260
42262
30734
43323
23201
36694
29622
43204
22902
31067
43213
43210
44282
21543
23173
46605
34962
29454
26552
30406
15241
36775
50356
38657
34304
43362
32119
40208
47242
26319
32621
33131
52035
38878
22925
34100
35035
34482
46664
20895
43768
12919
32106
20781
39889
22812
34294
25592
23441
21210
25488
42943
36090
24319
26374
37772
17503
52561
39085
25722
29148
40149
39218
32092
48665
30562
41365
41021
33451
31266
31427
32294
44415
45317
41034
31641
39042
32127
33197
38765
38250
45450
31506
34642
32038
50542
34315
35935
27296
16697
23020
43820
47676
40568
36098
35471
16036
33920
47325
35919
35918
36888
24826
42836
32023
23283
43358
43246
20788
41450
16608
16675
34663
48768
25499
44283
25121
16462
37927
21215
43692
52900
41634
53671
37959
43091
47040
39492
31284
31475
42211
21853
35843
21409
25043
44095
25585
21254
42837
42580
23128
16727
43031
12275
20904
16924
25509
38245
40655
31376
38444
40283
43139
47245
42110
47333
38126
35029
22554
52423
43129
35500
16190
16213
30408
29361
47754
36003
46057
38831
34598
23774
27013
37317
37318
48638
28527
42491
35880
36813
47642
45619
48599
48905
52819
41739
20658
30611
38688
42787
44887
50386
52298
48801
34934
12311
24879
41356
42048
32011
25566
34255
43257
37382
30537
36890
25133
41279
40754
41370
43361
38973
45110
35769
32577
36348
35904
42136
43980
32634
52839
31361
47302
50623
27464
43421
24407
26289
25542
50736
38986
39368
21485
40067
46626
46629
44060
34487
44533
33513
33512
42245
40511
30463
26947
22843
52809
52892
27789
34071
32028
42362
17201
43143
42799
32680
40954
41444
37840
48649
42698
38012
38142
37253
35548
41728
35249
21942
41351
25546
17753
27957
14382
45116
21071
41802
41803
34881
