43631
46611
47718
12137
51809
23877
12446
40708
42276
26099
55791
27796
36901
38551
42485
32465
35987
40091
42396
48542
26028
56019
52354
12041
38019
32022
56899
48686
51942
56842
35462
34951
43420
42624
40684
45663
47148
41769
25379
48434
48662
37241
15927
28317
33642
21414
35751
35261
43925
12169
47223
46014
41796
54326
50024
81985
30512
42388
34947
32686
10710
36187
46945
44468
50685
20863
47057
60931
52842
15983
52739
34822
26988
27308
52214
45453
39169
45190
24345
28175
48515
27500
47069
46163
56796
52787
25073
54075
50313
34600
45451
43293
25905
53699
41395
42205
25098
25099
36886
34355
39952
53334
48912
34849
31995
37822
52300
24863
29999
30327
52246
24370
13795
23677
36902
40336
27924
29499
46415
41649
17912
26212
48868
40162
40104
28359
13746
35212
42405
43660
40909
53012
45524
11715
40009
41363
39273
39272
57014
36256
28138
45149
42526
27663
40135
44535
56555
31407
56864
32619
31901
47307
38030
29077
48577
40788
26031
39347
49540
48914
25023
26358
39058
14436
14438
16360
30120
46682
27736
48647
44655
23733
41815
40900
39427
42581
46319
28384
38863
52671
23854
40034
54484
21368
25811
47603
45308
37105
40678
21654
34818
37952
40851
40845
25290
38187
43260
24765
25593
42625
40195
45687
27815
51358
20147
43888
41791
29321
48449
56929
22580
36042
35997
36027
47088
21492
55909
39477
45519
43244
52705
14955
32098
47296
43278
45635
46992
34499
25867
11372
32587
21086
25805
38974
46382
37692
25063
37507
17547
12181
49808
44959
43285
46669
49903
33947
48659
45556
48769
44506
52442
34180
23060
47387
40316
30542
47413
39541
43606
50151
34132
36914
34064
28015
20638
52560
22881
34774
45048
57960
51757
32000
22136
39491
24652
39968
46076
34772
37721
35626
25044
41847
53370
45479
50612
14550
42168
27870
47516
42684
51090
48560
45476
46176
52789
56916
16876
47492
51417
37875
35382
51656
46760
56553
17571
43659
47704
50195
41366
56646
39279
40698
51739
16866
15128
48890
51823
41255
39108
52432
42319
42321
42318
38301
42963
51576
56590
50321
42501
28513
48827
56449
52650
27723
27724
50083
47130
44319
16810
32617
10477
55258
23091
23551
36246
29122
50787
20260
30734
46156
43323
43321
40168
37808
56307
36694
52261
49853
31067
50136
31296
31938
29130
47324
51497
51930
41410
46605
29454
26552
30406
51945
51946
36775
50356
34304
56143
43362
32119
40208
53003
56798
47242
26319
54694
52748
44293
52035
38878
22925
38546
34100
34482
20895
40377
34547
43768
20781
39889
56495
56496
22812
34294
30109
46412
34957
34956
23441
25488
36090
21446
50329
24319
26374
37772
17503
51921
39085
25722
52732
29148
40149
37913
39218
52872
48665
48545
36402
34984
30562
41365
10016
55110
28341
31427
15281
32294
44415
45317
41034
56650
23251
38273
39042
36417
47273
38765
35011
38250
45450
34642
32038
50542
34315
35935
27296
16697
23020
43820
43700
47676
36451
51673
46919
40568
43708
36592
50839
46912
33920
38747
51191
35918
36888
35586
24826
42836
43358
41450
45643
45297
31490
16675
34663
56968
37704
21462
16462
37927
44636
29132
48849
12860
52901
52900
31928
48153
45586
43091
46805
47040
44498
43209
39492
31475
56983
44840
46409
54885
49192
42211
21853
21409
44095
42837
46951
42466
23128
52198
16727
54154
43031
13035
12275
20904
16924
25509
40655
38444
40283
43139
42110
36390
41250
34536
40433
24051
51478
41403
54743
35835
48709
51774
50150
52423
16213
39892
44541
30408
42791
36003
46057
49533
46924
40125
47299
34598
23774
37366
27013
37318
48638
35873
54261
42491
35880
36813
52790
47642
45619
21842
52636
44657
52819
43217
46984
54709
55776
41739
30611
17419
54752
56059
41311
42787
44887
50386
46580
52298
48801
52889
34934
12311
24879
41356
32620
42048
32011
25566
34255
43257
55867
41279
52675
40754
41390
37387
43361
38973
35769
32577
48899
39300
42136
52773
56071
40720
43980
32634
52839
50404
43000
40353
44768
29980
50925
31361
47551
50623
27464
53712
53713
24407
26289
25542
38986
39368
42893
40067
46626
46629
34487
25693
26677
33513
33512
52293
46504
30463
26947
27789
11366
32028
56917
42362
43143
52876
51233
42799
15476
52730
42966
40954
41444
34769
37840
38012
38142
37253
35548
41728
35249
21942
36921
25546
27957
45116
41399
21071
41802
41803
52761
34881
