74394
43709
82165
67190
64375
74828
68814
50692
65088
76920
68012
75460
51779
40708
93680
62681
74588
67685
59050
56685
36901
67251
75996
67277
73078
83087
67487
54559
50992
73421
61371
77171
74085
74492
66837
63532
76876
77147
66616
61718
51942
80421
73137
93101
76031
47527
43420
54510
43051
75614
62571
75617
77327
63363
82526
63368
81937
73009
61901
51266
43925
51314
52710
46014
74809
41796
78029
75589
81985
75965
75414
73499
53806
47525
52842
74473
62787
66607
45453
55817
73462
64205
52787
54075
45451
60131
59285
67025
42205
94004
60298
80862
36886
60297
74303
56301
78258
78259
53334
65849
65966
58246
53284
82229
74655
73818
73354
52767
73241
56339
81275
68951
77630
73601
67814
61880
75831
78329
46665
73562
73018
77153
51141
74194
93952
66939
67391
69435
80718
65715
67687
61697
40909
76941
74510
58117
80806
68497
49953
63162
75046
47307
38030
93656
93636
68350
75265
77326
59476
61123
61125
49540
81625
65137
62694
39058
67062
46682
53976
63840
75604
75023
77206
67912
49609
80581
54013
52671
75021
68138
76281
76843
69464
51672
62031
68974
73583
67342
37952
53300
42625
65146
74089
72981
61906
41791
62362
48449
36042
73192
61064
61055
61061
61062
64747
64314
63011
77069
56775
56790
65207
74332
74333
80312
66727
74531
66105
68177
66115
49962
53783
67039
88227
38974
61098
76858
49903
48659
77315
76503
80984
67336
74994
64778
73119
43606
50151
77056
65969
34064
61105
61052
80392
57960
64970
80781
61022
60999
67452
74857
42676
58362
73948
81969
61665
68581
74897
80582
59023
47492
74957
80235
63077
67124
74981
53819
63419
63424
50039
65700
66966
59196
80653
76636
75263
76985
56646
77079
65750
55344
46744
67469
77107
58598
57649
42321
65801
74886
60742
60743
61265
74286
73362
53019
60663
77498
56449
68958
63804
59339
68045
74938
80403
67938
81480
76840
46666
74572
68597
47092
73458
69216
59765
63306
73400
77518
73557
73359
58345
62603
62602
40168
74413
80427
49874
80416
49853
76558
73425
66281
66282
75237
46444
69219
44282
66584
64966
73632
50003
73639
51930
41469
46605
67822
61646
93689
53954
63738
73547
76251
77376
78553
80317
73894
56798
74387
74925
77164
74092
38878
75282
57531
63321
61013
73066
83259
68583
73042
56946
89544
77404
41743
36090
75594
68671
73833
39085
73595
64843
54009
77199
63844
75649
81547
54972
63291
63493
66737
74623
60534
45242
61652
59075
69123
75517
63400
76836
65301
38765
74634
62751
74695
45450
77321
56651
69418
81565
76630
60858
51673
51853
86942
74861
63121
73419
73996
86946
63569
81601
81958
69103
75622
57977
64276
75160
68380
60907
77324
67520
61233
77711
52683
56580
73438
65876
55912
55911
83357
64235
60995
56818
55845
77123
59937
48153
84246
67877
65208
73503
73534
73446
66197
64019
63346
77130
53797
74860
61068
44095
63348
51855
47173
59450
42580
62444
54154
62880
64082
64569
73129
82128
64025
65848
63455
76579
43139
74498
66479
36390
41250
77881
81469
62728
46750
93639
67038
51774
75681
50150
76527
77066
56936
41756
68664
82274
62218
67297
75440
59909
57294
74838
80820
75934
42491
53935
45619
53348
77464
59887
65585
58128
54491
67665
67483
73247
65143
64041
69387
73652
73653
65387
81645
64955
48801
64166
65884
73832
75168
77196
63055
55645
62649
62272
73023
64652
69099
65915
62592
73357
81952
59292
59291
77717
75331
62879
74944
58505
61205
74610
63970
62668
48899
46268
73203
75193
63523
55485
73444
51819
73223
63029
53951
76274
62570
50623
43421
69429
93724
53712
74403
93795
69102
39982
49464
42893
58610
65709
56633
46626
46629
67674
61147
50402
73322
81541
66231
78059
77207
56462
59288
75485
43143
51233
77170
42966
77342
78108
49200
48649
93638
51804
47753
74126
60372
47477
62192
61896
74417
56940
74320
68868
81087
73361
66777
