54721
69009
43709
67190
60443
68814
50692
68012
40708
62681
55791
67685
59050
63911
36901
42485
35987
40091
73078
68843
50992
50679
73421
61371
56019
61067
63532
38019
64745
65204
61718
51942
59592
57441
43384
47527
34951
65046
43420
54510
41805
49813
63363
41769
48462
57151
60461
63368
25627
37241
73009
33642
61901
51266
57297
43925
73391
51314
52710
47223
46014
50697
60092
41796
61203
37729
54889
62522
60826
53806
42388
41393
47525
58944
46945
61894
52842
68829
63552
52814
62787
66607
45453
55817
73572
64205
52787
54075
50313
45451
62854
60131
41395
67025
40206
60298
36886
60297
34355
53334
65849
65966
37822
58246
53284
48411
58373
73354
73241
73014
73611
66338
56339
57750
51932
61099
64517
67814
46415
46665
26212
48868
51141
42603
69435
65715
55629
61697
59122
56714
53953
53012
67366
58117
39273
59056
64855
63162
60316
42526
68300
32619
57059
45002
62860
47307
38030
29077
67407
59476
66866
50745
54588
62694
26358
39058
59496
73554
30120
53976
63840
41815
49609
42581
38863
54013
52671
54484
43883
62031
68974
73583
67342
34818
37952
46723
53300
62284
42625
58641
56578
52569
40195
62940
68961
72981
61906
69196
41791
62362
48449
36042
39477
61064
61055
61061
61062
61677
64747
46948
32098
65207
45635
58419
66105
66115
73081
49962
53783
32587
38974
37692
61098
56812
49903
73348
66409
48659
45556
48769
73630
56428
64778
65192
43606
50607
50151
52853
34064
61052
57960
51757
32000
56359
56639
60141
61022
60632
60999
59713
41847
42676
58362
61059
61665
48560
52789
47492
55878
61096
63077
66013
53819
63419
51656
46760
50039
62612
73337
47704
48805
56646
65750
55344
46744
62482
60427
48890
57649
51823
39108
42319
42321
73362
53019
60663
57057
55419
59339
68045
50083
56029
67938
73015
69174
65289
46666
62459
47092
73458
43065
59765
63306
73400
32014
73557
36246
58345
62603
62602
46156
51825
43323
40168
37808
65194
49874
36694
49853
64683
46444
69219
43210
66584
50136
73632
50003
47324
73639
51930
46605
67822
61646
46692
53954
73547
40470
38657
73161
43362
63228
65638
40208
56798
47242
73551
65032
52035
65158
38878
34482
61013
73042
61120
43768
20781
54185
58340
41743
36090
64843
62425
53351
39218
63844
73544
63493
66737
56603
60534
45242
61652
45317
41034
59075
38273
68262
63168
33268
65301
62751
38250
56651
73331
50542
34315
59240
59231
27296
47676
54755
51673
63121
73394
63569
33920
58339
42176
36888
65230
35586
42836
57977
41450
68380
58843
60907
50714
54408
48768
61233
52683
56580
64956
61227
44636
55911
64235
60995
55845
65120
59937
52247
48153
65208
66420
46805
73534
58422
66197
39492
63346
53849
53797
31422
67414
61068
44095
63348
59450
50338
42837
42580
42466
73606
54154
62880
43031
73507
53978
69192
64025
63455
38444
49312
54360
62728
46750
67038
51774
50150
52423
60001
63827
67973
60904
56936
50366
38831
68664
62218
43898
59388
52536
37366
63627
59909
65404
58389
53935
64739
45619
59887
58128
54491
63614
73247
65143
64041
61683
73652
37976
65387
42787
46580
73036
52298
64955
48801
64954
58931
60566
63055
55645
62649
62272
73023
34255
64652
37382
51159
58633
59292
53577
40754
58505
64760
61205
38973
59941
63970
66668
48899
69374
60830
43980
54306
46024
51819
63029
53951
62570
69429
53712
53713
25542
38986
49464
40067
46626
46629
33513
61147
50402
56204
43777
64913
56462
59288
51230
43143
51233
63143
52730
54024
41444
48650
37840
48649
38142
51804
40189
41728
60372
48926
47477
47479
73371
25546
61896
45116
63575
56940
65148
73361
59137
66777
