43709
46611
50692
51809
25418
51779
40708
26099
55791
56685
36901
42485
35987
40091
42396
50992
29630
26028
33978
56019
51521
61221
38019
32022
50932
21685
46238
46359
48686
51942
56842
35462
34951
43420
32130
56793
35686
40238
41805
47148
41769
48462
52009
25379
55637
25258
48662
35373
37241
58937
33642
21414
51266
43925
52710
47223
47096
46014
43668
41796
58104
36424
37729
51415
51414
54889
81985
50953
42388
32686
57866
48590
38072
43431
46945
47460
44468
50685
45483
47057
52842
41092
52214
24345
28175
43610
48515
47069
46163
56796
52787
50313
45451
53139
53699
41395
60392
40206
42205
36886
34355
39952
53334
26389
52658
56711
31995
37822
52300
53284
48411
44759
52246
57750
54546
51932
40336
61099
27924
43960
27032
29499
21725
52874
46665
48868
40162
51141
43660
45524
52954
43701
48812
39273
39272
43205
49953
36256
45149
42526
55360
40135
56555
32619
31901
47307
38030
58822
40788
39347
38773
52381
30517
49540
50745
58806
33445
60756
59577
26358
39058
14436
30120
46682
53976
44655
41815
49609
42581
51620
46319
51618
28384
21918
51193
40034
25811
43883
56817
59692
47102
51672
40678
21654
48891
34818
37952
40851
40845
46723
43260
42625
52569
45687
27815
41331
41791
48449
23138
36042
35997
36027
47088
39477
46948
14955
32098
43278
45635
58548
46992
34499
25867
35061
56190
49962
57433
32587
42938
31121
45683
25805
38974
46382
37692
25063
37507
61098
58594
49808
49903
48414
48659
45556
48769
44506
38587
34180
56428
30542
47413
39541
39540
43606
34064
28015
52560
22881
45048
57960
51757
32000
22136
39491
61151
35626
25044
34586
47596
42676
53370
45479
50612
55792
47516
49831
51090
48560
44647
56916
47492
55878
51417
51428
46760
50039
56553
52780
17571
48805
50195
41366
56646
39279
55344
46744
40698
51739
60791
40330
48890
51823
39108
42319
42321
42318
42317
51576
59583
57057
56449
55419
55352
27723
27724
50083
56991
56562
46666
32617
47092
43065
55258
32014
56932
36246
50787
58345
20260
56816
39596
46965
36258
51825
43323
40168
37808
56307
36694
49853
43213
44282
50136
50003
47324
51497
51930
46605
34962
26552
51945
36775
40470
50356
38657
56143
43362
55181
32119
56798
47242
26319
40240
54694
56649
40290
53725
44293
52035
54710
38878
22925
34482
43768
20781
39889
47258
34956
23441
44527
41743
36090
24319
52561
51921
55124
39085
29148
53351
39218
54009
52872
48545
30562
41365
56531
60445
55110
28341
56550
32294
45317
41034
56650
38273
58981
31641
39042
33268
35011
38250
45450
32038
52037
48303
34315
16697
47676
54755
51673
40568
43708
50839
46912
35471
56897
33920
38747
51191
42176
35586
42836
32105
30060
41450
45643
34663
56968
37704
61121
61001
56450
56580
42433
37927
44636
55912
55911
52901
60995
54236
48153
52294
37959
43091
46805
47040
43209
51283
53797
54885
49192
31422
42211
21853
61068
44095
56088
47173
42837
42580
42466
54154
46095
43031
16924
40655
38444
40283
43139
58076
49312
42110
36390
50901
41250
59874
24051
38126
41403
35835
44541
47754
36003
46057
49533
50366
38831
56973
43898
37366
27013
36533
59909
37318
35873
54261
40295
35880
36813
54193
53935
45619
21842
53348
58979
59887
43217
55776
29263
37976
41311
42787
56815
48801
52889
55469
34934
58931
41356
42048
43117
34255
37382
51145
51159
55867
48617
28337
52675
40754
41390
56174
61109
38973
32577
46991
48899
51784
42136
56071
40720
60830
43980
32634
52839
50925
31361
53951
47551
50623
53712
24407
26289
25542
38986
39368
49464
42893
55643
38960
40067
52245
56633
46626
46629
34487
25693
33513
33512
46504
30463
43777
54383
56462
39151
32028
56442
59288
42362
52876
51233
42799
52730
42967
51127
42966
40954
41444
34769
48650
37840
58523
42698
38142
51804
37253
35548
41728
47753
48926
21942
25546
27957
59662
56940
21071
41803
27238
34881
