12255
24730
14703
15146
12137
21891
12446
23749
23174
31629
17528
30464
32465
35987
12967
40091
21322
12880
12041
32022
35772
21685
30593
34951
32130
29970
41769
25379
25258
35373
15927
28317
34473
36424
12865
12214
38072
20863
23575
19883
15983
34822
26988
27308
31561
39169
17814
24345
17815
28175
27500
34600
14598
30623
44430
25098
25099
34511
15956
34849
24863
32464
41086
39687
30035
29999
30437
30327
44759
24370
13795
15159
36902
36903
26793
40336
27924
29499
21725
14901
31805
41649
17912
26212
12800
28359
13746
17190
25359
12309
31719
16037
16404
36256
27663
31407
31901
26007
29077
26031
17719
33445
25023
23058
26358
14436
16360
30120
12044
23733
38863
23854
21368
25811
20200
14098
43354
23935
21654
20935
34818
40845
25290
24765
25593
30021
40195
27815
26548
35565
29580
17500
20147
40771
30280
22580
23138
36027
39477
45642
14955
32098
14621
25867
35061
36550
32587
31121
21086
25805
42801
37692
25063
17547
12181
44506
34180
23060
36913
22398
37255
30558
17670
36914
28015
20638
40117
22881
34774
32000
22136
39491
24652
39968
16832
24232
34772
40800
25044
34586
20599
26609
14550
27870
36857
34019
43312
17571
29524
40317
16866
21402
40330
14908
38301
25940
29413
25944
23403
12513
21285
16049
27217
16810
27810
23551
20260
23201
36694
29622
37936
44606
22902
20547
25208
22949
29130
34962
26552
15241
16139
36775
38657
43362
39080
22529
32119
40208
26319
40290
41392
38878
38546
34100
40377
36835
43768
12919
20781
22812
34294
30109
23441
21209
25488
36090
37772
17503
25722
15000
36864
20728
32092
27882
32294
39042
36417
30369
32127
33197
40949
38250
31506
32038
34315
35935
16697
36451
35471
22604
25375
35919
30474
24826
21483
42836
31257
20788
32704
16675
32630
34663
42180
33576
21462
25499
25121
16462
35866
10170
20236
37959
29222
35127
42211
21853
21409
23422
19945
16727
13035
12275
20904
23670
25509
16181
38245
15987
31376
38444
40283
34536
26017
26520
38126
23872
41403
28371
24838
22554
35500
16190
16213
30408
36003
21347
16048
38831
30380
34598
23774
27013
44128
37317
37318
25565
23896
35880
36813
12216
24975
38688
41311
39086
23264
34934
35837
44483
24878
24879
25566
34255
13845
30537
23849
41390
38973
21565
32577
43980
28061
27464
24407
26289
25542
21485
34976
38960
26012
40067
34487
25693
33513
30463
22843
27789
23930
34071
39510
42799
15476
14677
37840
40189
35548
35249
25696
25697
25546
27957
14382
24744
41802
41803
